NAME          LVL SCORE        
1              5  1064          
2              1  1056          
2              1  1035          
1              1  1034          
2              1  1028          
1              3  1017          
1              1  983           
1              2  800           
1              2  702           
2              3  693           
2              1  689           
2              1  688           
1              1  670           
2              1  657           
1              3  644           
